-125
-135
-155
-1500
+128
+114
-145
-195
+390
+650
-109
-1110
-220
-650
+180
+310
-110
+110
-140
+150
-190
+180
+138
+160
+420
-205
+136
+150
-145
+480
-155
+122
+200
+350
+185
+170
+325
+225
+250
+380
+150
-358
+380
+1300
+135
+320
+275
+245
+380
+155
+155
+320
+240
+125
+290
+300
+750
-209
+1400
-358
+205
+350
+180
+1100
-278
+333
+425
+115
+700
-200
+108
+290
+360
+575
-159
+200
+350
+180
+160
+333
+225
+120
+290
+320
+300
+425
+135
+105
+290
+360
+300
+400
+130
+333
+450
+115
+750
-200
+320
+425
+118
+135
+290
+300
+300
+425
+125
+165
+300
+245
+900
-239
+270
+400
+150
+290
