1.80
1.74
1.65
1.07
2.28
2.14
1.69
1.51
4.90
7.50
1.93
1.09
1.45
1.15
2.80
4.10
1.91
2.10
1.71
2.50
1.53
2.80
2.38
2.60
5.20
1.49
2.36
2.50
1.69
5.80
1.65
2.22
3.00
4.50
2.85
4.50
2.70
4.25
3.25
4.60
3.50
4.80
2.50
4.20
1.28
4.80
14.00
14.00
2.35
4.20
3.75
5.00
3.45
4.80
2.55
4.20
2.50
4.25
3.45
4.80
2.25
3.90
4.00
5.25
8.50
9.50
1.48
4.20
15.00
13.00
1.28
4.80
3.05
4.50
2.80
4.50
12.00
12.00
1.36
4.40
4.33
5.25
2.15
3.90
8.00
9.00
1.50
4.25
2.08
3.90
4.60
5.75
6.75
8.00
1.63
4.00
3.00
4.50
2.80
4.40
2.60
4.33
3.25
4.80
2.20
3.90
4.20
5.50
4.00
5.25
2.35
3.80
2.05
3.90
4.60
5.75
4.00
5.00
2.30
3.90
4.33
5.50
2.15
4.00
8.50
9.50
1.50
4.20
4.20
5.25
2.18
4.00
2.35
3.90
4.00
5.00
4.00
5.25
2.25
4.00
2.65
4.00
3.45
4.60
10.00
11.00
1.42
4.25
3.70
5.00
2.50
3.90
