.75
.71
.60
.65
.16
.64
.32
.25
.75
.29
.43
.41
.54
.82
.63
.42
.96
.48
.42
.82
.98
.32
.80
.24
.49
.32
.81
.19
.20
.62
.79
.34
.44
.27
.52
.65
.58
.60
.66
.67
.51
.15
.32
.61
.47
.24
.43
.90
.27
.16
.90
.23
.83
.39
.70
.81
.82
.59
.27
.88
.60
.30
.74
.80
.50
.51
.50
.36
.24
.72
.69
.33
.45
.79
.97
.59
.89
.84
.29
.88
.37
.24
.85
.52
.68
.88
.58
.68
.74
.40
.22
.83
.39
.81
.22
.37
.82
.58
.85
.37
.38
.19
.92
.59
.33
.54
.39
.82
.56
.62
.67
.99
.98
.42
.68
.24
.26
.51
.57
.87
.31
.42
.23
.22
.41
.20
.87
.24
.37
.56
.21
.58
.61
.78
.41
.46
.49
.53
.45
.95
.56
.51
.95
.90
.30
.48
.76
.81
.60
.49
.74
.49
.85
.22
.47
.86
.56
.17
.81
.17
.75
.34
.40
.60
.15
.76
.28
.50
.72
.68
.88
.48
.37
.76
.70
.81
.39
.80
.94
.28
.83
.66
.22
.23
.87
.78
.26
.97
.67
.72
.88
.65
.97
.20
.82
.71
.50
.84
.83
.66
.12
.53
.41
.10
.80
.32
.25
.99
.30
.80
.64
.92
.25
.25
.20
.18
.35
.89
.10
.10
.13
.47
.47
.19
.57
.47
.16
.76
.90
.52
.85
.19
.98
.25
.25
.46
.50
.18
.53
.76
.11
.12
.20
.72
.40
.12
.91
.35
.10
.45
.17
.66
.50
.27
.69
.31
.12
.43
.63
.13
.43
.87
.50
.63
.50
.18
.35
.86
.54
.68
.94
.25
.73
.51
.91
.55
.28
.79
.20
.52
.34
.53
.63
.11
.70
.44
.17
.49
.91
.78
.92
.95
.40
.34
.67
.69
.15
.93
.71
.28
.59
.90
.36
.76
.50
.22
.34
.35
.41
.36
.95
.17
.20
.53
.65
.36
.14
.55
.77
.10
.87
.93
.68
.39
.31
.83
.24
.14
.58
.41
.15
.11
.76
.89
.27
.64
.92
.24
.79
.20
.54
.37
.87
.20
.26
.56
.77
.57
.53
.44
.67
.89
.36
.13
.58
.73
.45
.82
.19
.73
.69
.20
.34
.17
.34
.61
.61
.67
.39
.53
.25
.37
.10
.64
.92
.60
.65
.43
.44
.75
.90
.42
.26
.99
.66
.10
.93
.12
.96
.66
.43
.31
.50
.15
.70
.66
.48
.20
.46
.58
.29
.10
.73
.56
.26
.79
.22
.91
.38
.32
.71
.80
.74
.88
.54
.24
.88
.67
.17
.46
.88
.92
.83
.43
.90
.87
.36
.98
.40
.86
.90
.21
.52
.28
.40
.89
.40
.99
.70
.71
.90
.39
.77
.72
.81
.53
.65
.58
.20
.39
.80
.37
.86
.30
.73
.24
.39
.89
.54
.46
.34
.32
.27
.70
.83
.81
.60
.49
.78
.71
.64
.56
.45
.74
.87
.58
.63
.59
.91
.64
.32
.65
.57
.81
.64
.13
.29
.73
.62
.91
.20
.67
.99
.91
.64
.64
.82
.46
.20
.11
