2005
1992
2006
1987
2010
1986
2008
1973
1996
1982
1984
2009
1986
2014
1986
1971
1997
2008
1970
2016
2006
1995
1971
2003
1988
1995
1990
1987
2004
1999
1995
1999
2013
2007
1983
1991
1990
1977
1985
1989
1996
1972
1995
1970
1994
1988
1974
1984
2004
2002
2015
2000
1977
2007
1991
1987
1988
1973
2013
1993
1997
1999
1981
1972
1989
1991
2008
2015
1984
1994
1979
2016
2000
2011
2004
1977
1986
2008
1996
1970
1972
2006
1999
1978
1984
1981
2007
1978
1972
2001
1972
2010
2016
1998
1993
1993
1973
1981
1984
1972
