76631
11373
29110
27520
60073
12180
18966
31088
07728
21207
07601
01604
54956
06340
22191
20745
06606
85021
42001
15317
02131
14094
54130
10573
75088
06516
44136
32174
64151
28086
60016
07052
18015
23832
59715
70605
06051
08043
35803
32162
02131
14094
54130
10573
75088
06516
44136
32174
64151
28086
60016
07052
18015
23832
59715
70605
06051
08043
35803
32162
48212
08088
46077
53081
52501
11727
15642
60193
43512
74403
01604
79930
23503
01930
33125
16001
44094
16506
33604
30705
48212
08088
46077
53081
52501
11727
15642
60193
43512
74403
01604
79930
23503
01930
33125
16001
44094
16506
33604
30705
48212
08088
46077
53081
52501
11727
15642
60193
43512
74403
01604
79930
23503
01930
33125
16001
44094
16506
33604
30705
48212
08088
46077
53081
52501
11727
15642
60193
43512
74403
01604
79930
23503
01930
33125
16001
44094
16506
33604
30705
48212
08088
46077
53081
52501
11727
15642
60193
43512
74403
01604
79930
23503
01930
33125
16001
44094
16506
33604
30705
48212
08088
46077
53081
52501
11727
15642
60193
43512
74403
01604
79930
23503
01930
33125
16001
44094
16506
33604
30705
48212
08088
46077
53081
52501
11727
15642
60193
43512
74403
01604
79930
23503
01930
33125
16001
44094
16506
33604
30705
48212
08088
46077
53081
52501
11727
15642
60193
43512
74403
01604
79930
23503
01930
33125
16001
44094
16506
33604
30705
48212
08088
46077
53081
52501
11727
15642
60193
43512
74403
01604
79930
23503
01930
33125
16001
44094
16506
33604
30705
48212
08088
46077
53081
52501
11727
15642
60193
43512
74403
01604
79930
23503
01930
33125
16001
44094
16506
33604
29803
