61744
60001
60952
60654
61625
61322
62226
60010
62896
62668
61535
61727
61791
62906
62951
61630
61764
62830
62535
62085
61701
62638
60420
61273
62040
60030
61425
60030
62635
62958
62454
62321
60955
60038
62984
62069
60122
60522
60194
60162
62448
62080
62889
60712
62630
61334
60120
62442
60525
62428
62849
60141
61460
62938
62922
62916
62013
61727
60673
62370
62441
60051
62058
61636
61529
62736
62549
60173
62912
62242
60656
61613
62970
61244
62833
60661
61244
61929
62476
62932
60165
61856
60638
62026
